==============================================================================
  HPIS — RAPPORT DE SESSION BIOMÉTRIQUE
  Human Performance Intelligence System
==============================================================================

  INFORMATIONS DE SESSION
------------------------------------------------------------------------------
  Début   : 2026-07-13 21:22:13
  Fin     : 2026-07-13 21:23:58
  Durée   : 1 min 45 sec
  Source  : ws://10.42.0.71/ws
  Paquets JSON : 96   |   Trames ECG : 2396
  Échantillons ECG (≈) : 24000  (@ 250 Hz)

  VITALS
------------------------------------------------------------------------------
  HR   (bpm) : moy 74.6  min 68  max 81
  SpO2 (%)   : moy 97.93  min 97  max 99
  Temp (°C)  : moy 36.81  min 36.5  max 37.1

  QUALITÉ ECG
------------------------------------------------------------------------------
  Qualité (%)  : moy 95.73  min 92
  Bruit        : moy 3.6  max 7
  Lead-off     : 0 fois / 96 paquets

  BATTERIE
------------------------------------------------------------------------------
  Niveau (%) : début 88  fin 92  moy 87.82
  Tension (V): moy 3.93

  JOURNAL DES PAQUETS
------------------------------------------------------------------------------
  #    t(ms)       HR  SpO2   Temp   SQ  Bruit  Bat
  0    3555        76    97   36.8   97      1   88
  1    4561        79    97   36.7   93      4   81
  2    5563        75    99   36.7   96      1   98
  3    6567        72    97   36.8   94      2   88
  4    7572        68    99   36.8   98      4   91
  5    8577        80    98   36.9   98      2   98
  6    9582        73    99   36.6   92      3   97
  7    10585       78    99   37.0   97      2   87
  8    11591       70    99   37.1   97      2   80
  9    12594       68    99   36.6   92      1   99
  10   13598       70    97   36.8   98      2   83
  11   14602       80    99   36.8   97      2   91
  12   15605       68    97   36.8   97      6   78
  13   16608       78    98   37.1   97      4   85
  14   17611       81    98   37.0   98      3   93
  15   18617       70    99   37.0   97      7   83
  16   19621       73    98   37.0   96      6   79
  17   20624       70    97   36.5   95      4   96
  18   21628       70    99   36.7   99      5   83
  19   22631       72    99   37.1   92      2   76
  20   23636       69    99   36.8   95      0   92
  21   24639       71    97   37.0   98      7   80
  22   25645       80    97   36.6   96      2   83
  23   26648       78    97   36.9   96      7   86
  24   27652       78    97   36.5   96      5   93
  25   28658       72    97   36.9   98      1   90
  26   29663       76    97   36.7   99      7   90
  27   30666       81    98   36.7   99      7   75
  28   31671       77    97   36.8   99      1   78
  29   32676       80    97   36.5   97      4   78
  30   33679       81    98   36.8   97      4   76
  31   34684       71    98   36.7   96      5   75
  32   35688       72    99   37.0   99      1   85
  33   36691       81    99   36.9   97      1   94
  34   37697       68    97   37.1   98      6   91
  35   38702       81    97   36.5   99      5   79
  36   39707       76    97   36.7   95      3   88
  37   40711       80    98   36.6   96      4   98
  38   41716       72    97   36.7   92      7   79
  39   42723       78    97   36.7   92      0   87
  40   43727       79    97   37.0   97      5   80
  41   44733       81    97   36.8   92      2   98
  42   45736       72    99   37.1   95      4   97
  43   46741       80    99   36.8   99      2   81
  44   47745       74    98   36.6   96      2   97
  45   48749       81    98   36.8   96      5   98
  46   49754       73    98   37.0   93      1   87
  47   50756       70    97   36.6   99      4   78
  48   51760       77    99   36.7   93      6   96
  49   52765       73    99   36.7   95      7   91
  50   53769       76    99   36.8   96      5   82
  51   54773       72    99   36.9   94      4   91
  52   55777       73    98   37.1   98      1   95
  53   56783       80    98   37.1   96      2   78
  54   57787       78    99   36.7   92      3   97
  55   58790       72    99   36.7   96      6   98
  56   59793       69    97   36.8   97      1   94
  57   60800       71    97   36.9   98      6   83
  58   61804       76    98   36.7   95      6   79
  59   62807       80    99   36.9   96      0   98
  60   63810       74    99   37.1   98      6   99
  61   64815       74    97   36.9   95      1   81
  62   65819       76    99   36.6   92      6   92
  63   66823       69    98   36.9   99      5   98
  64   67826       76    99   37.1   97      2   79
  65   68832       77    98   36.9   97      7   98
  66   69837       69    98   36.5   94      3   83
  67   70840       79    98   37.0   93      4   94
  68   71843       74    97   36.7   99      1   99
  69   72846       74    97   36.8   94      5   92
  70   73849       73    97   36.7   96      2   89
  71   74852       71    98   36.8   99      2   99
  72   75857       70    98   37.1   96      2   81
  73   76864       68    99   36.6   95      4   79
  74   77870       80    98   37.1   92      0   82
  75   78875       72    99   36.6   92      6   84
  76   79879       80    97   37.1   93      5   91
  77   80883       77    99   37.0   96      5   93
  78   81887       73    97   36.5   92      6   80
  79   82893       73    97   36.9   93      6   95
  80   83896       78    99   37.1   93      4   89
  81   84899       69    98   36.5   97      1   97
  82   85904       68    99   36.6   97      2   87
  83   86912       75    97   36.6   92      6   78
  84   87915       72    98   37.1   98      4   92
  85   88918       73    98   36.7   92      0   95
  86   89925       73    97   36.9   98      1   99
  87   90929       80    97   37.0   94      1   86
  88   91933       81    97   37.0   96      2   80
  89   92937       73    98   36.6   96      5   81
  90   93940       68    98   36.9   98      4   76
  91   94943       72    97   36.6   94      4   89
  92   95948       76    98   36.6   93      5   75
  93   96952       69    99   37.1   92      7   89
  94   97955       78    97   36.6   93      5   89
  95   98958       78    97   36.7   98      5   92

==============================================================================
  Généré le 2026-07-13 21:23:58  —  hpis_session.txt
  Projet HPIS — Mohamed Amine Saad — ENIS 2025-2026
==============================================================================
nmcli dev wifi hotspot ifname wlo1 ssid Amine password 22222222